RESULTADOS DEL SISTEMA DE PINZA ROBOTICA

Datos:
5118 0.24 1.796 1.752 3.548
6574 0.22 1.595 1.676 3.271
18852 0.229 1.574 1.617 3.191
1202 0.251 1.841 1.835 3.676
13342 0.247 1.806 1.79 3.596
14167 0.262 1.921 1.973 3.894
6178 0.234 1.68 1.72 3.4
10733 0.263 1.968 1.883 3.851
8593 0.224 1.629 1.719 3.348
19963 0.232 1.722 1.673 3.395
10490 0.239 1.868 1.833 3.701
10041 0.241 1.683 1.749 3.432
8863 0.216 1.509 1.517 3.026
1099 0.238 1.792 1.905 3.697
15736 0.227 1.558 1.569 3.127
19230 0.23 1.607 1.667 3.274
19696 0.206 1.528 1.531 3.059
6658 0.23 1.576 1.788 3.364
12773 0.21 1.522 1.465 2.987
3575 0.244 1.817 1.86 3.677
4932 0.239 1.779 1.838 3.617
12213 0.234 1.602 1.651 3.253
15955 0.197 1.447 1.523 2.97
12533 0.21 1.583 1.569 3.152
412 0.259 1.988 1.966 3.954
19323 0.225 1.593 1.57 3.163
17336 0.252 1.829 1.921 3.75
18171 0.24 1.905 1.783 3.688
13237 0.239 1.765 1.766 3.531
16145 0.196 1.381 1.423 2.804
18537 0.213 1.538 1.465 3.003
18022 0.252 1.917 1.914 3.831
12847 0.215 1.524 1.511 3.035
14767 0.251 1.869 1.777 3.646
1135 0.239 1.763 1.896 3.659
1126 0.244 1.805 1.886 3.691
15136 0.232 1.629 1.596 3.225
4354 0.248 1.798 1.746 3.544
7218 0.273 1.949 1.963 3.912
11113 0.267 1.986 1.927 3.913
14963 0.24 1.719 1.656 3.375
15780 0.231 1.57 1.561 3.131
16102 0.212 1.477 1.46 2.937
12174 0.216 1.604 1.641 3.245
12425 0.212 1.495 1.469 2.964
18530 0.215 1.651 1.541 3.192
4590 0.238 1.733 1.827 3.56
15062 0.226 1.719 1.643 3.362
12691 0.215 1.524 1.507 3.031
17904 0.26 1.919 1.931 3.85
10967 0.251 2.031 1.907 3.938
18788 0.228 1.565 1.557 3.122
18573 0.22 1.648 1.543 3.191
17157 0.245 1.754 1.794 3.548
3921 0.251 1.849 1.91 3.759
14962 0.247 1.717 1.638 3.355
12702 0.203 1.489 1.484 2.973
12138 0.226 1.626 1.665 3.291
19159 0.225 1.54 1.679 3.219
8224 0.231 1.709 1.767 3.476
3948 0.253 1.918 1.837 3.755
7376 0.262 2.027 1.938 3.965
6092 0.228 1.705 1.65 3.355
734 0.23 1.779 1.904 3.683
11255 0.251 1.883 1.814 3.697
19911 0.234 1.704 1.609 3.313
15707 0.242 1.553 1.672 3.225
9732 0.241 1.746 1.627 3.373
14386 0.264 1.973 2.032 4.005
4425 0.24 1.804 1.711 3.515
8998 0.214 1.504 1.47 2.974
3478 0.239 1.695 1.712 3.407
10664 0.249 1.84 1.878 3.718
12183 0.221 1.597 1.67 3.267
18081 0.246 1.822 1.846 3.668
9750 0.22 1.604 1.699 3.303
13091 0.247 1.761 1.766 3.527
9622 0.232 1.629 1.648 3.277
1316 0.256 1.861 1.826 3.687
8399 0.231 1.769 1.793 3.562
11688 0.232 1.619 1.684 3.303
17880 0.267 1.943 1.956 3.899
682 0.262 1.857 1.842 3.699
7865 0.262 1.904 1.85 3.754
410 0.254 1.964 1.884 3.848
5122 0.242 1.719 1.743 3.462
8513 0.237 1.712 1.753 3.465
15857 0.209 1.533 1.588 3.121
11962 0.238 1.719 1.729 3.448
18735 0.219 1.568 1.544 3.112
12634 0.215 1.466 1.479 2.945
1914 0.217 1.633 1.501 3.134
7247 0.258 1.948 1.916 3.864
17608 0.237 1.848 1.838 3.686
1572 0.265 1.865 1.91 3.775
15548 0.235 1.627 1.71 3.337
4166 0.248 1.817 1.841 3.658
15986 0.207 1.45 1.492 2.942
11247 0.258 1.863 1.819 3.682
6843 0.238 1.666 1.71 3.376

Medias:
Galga = 0.236
Fuerza izquierda = 1.71876
Fuerza derecha = 1.72284
Fuerza total media = 3.4416

Clasificacion:
5118 ESTABLE
6574 ESTABLE
18852 ESTABLE
1202 ESTABLE
13342 ESTABLE
14167 ESTABLE
6178 ESTABLE
10733 ESTABLE
8593 ESTABLE
19963 ESTABLE
10490 ESTABLE
10041 ESTABLE
8863 ESTABLE
1099 ESTABLE
15736 ESTABLE
19230 ESTABLE
19696 ESTABLE
6658 INESTABLE
12773 ESTABLE
3575 ESTABLE
4932 ESTABLE
12213 ESTABLE
15955 ESTABLE
12533 ESTABLE
412 ESTABLE
19323 ESTABLE
17336 ESTABLE
18171 ESTABLE
13237 ESTABLE
16145 ESTABLE
18537 ESTABLE
18022 ESTABLE
12847 ESTABLE
14767 ESTABLE
1135 ESTABLE
1126 ESTABLE
15136 ESTABLE
4354 ESTABLE
7218 ESTABLE
11113 ESTABLE
14963 ESTABLE
15780 ESTABLE
16102 ESTABLE
12174 ESTABLE
12425 ESTABLE
18530 ESTABLE
4590 ESTABLE
15062 ESTABLE
12691 ESTABLE
17904 ESTABLE
10967 ESTABLE
18788 ESTABLE
18573 ESTABLE
17157 ESTABLE
3921 ESTABLE
14962 ESTABLE
12702 ESTABLE
12138 ESTABLE
19159 ESTABLE
8224 ESTABLE
3948 ESTABLE
7376 ESTABLE
6092 ESTABLE
734 ESTABLE
11255 ESTABLE
19911 ESTABLE
15707 ESTABLE
9732 ESTABLE
14386 ESTABLE
4425 ESTABLE
8998 ESTABLE
3478 ESTABLE
10664 ESTABLE
12183 ESTABLE
18081 ESTABLE
9750 ESTABLE
13091 ESTABLE
9622 ESTABLE
1316 ESTABLE
8399 ESTABLE
11688 ESTABLE
17880 ESTABLE
682 ESTABLE
7865 ESTABLE
410 ESTABLE
5122 ESTABLE
8513 ESTABLE
15857 ESTABLE
11962 ESTABLE
18735 ESTABLE
12634 ESTABLE
1914 ESTABLE
7247 ESTABLE
17608 ESTABLE
1572 ESTABLE
15548 ESTABLE
4166 ESTABLE
15986 ESTABLE
11247 ESTABLE
6843 ESTABLE
